7029.47728511012	7173.01865786627	
7010.23221972015	7119.78482773073	
7016.08327409098	7072.06898772602	
6677.93076504771	6760.70296650084	
6916.01134282403	6990.06638366318	
6950.96765225808	7061.31522772496	
7037.05347716311	7215.35656826965	
6639.57164908325	6693.56824649421	
7136.83954464148	7228.15131065917	
6732.1248077543	6792.34808650396	
7116.77690665351	7293.88169785917	
6666.69178046859	6793.51793290401	
6698.37994965079	6792.89304650402	
6645.88338838476	6715.42952649637	
6978.20889401898	7016.42839252062	
6924.84606854633	7001.58126366432	
7100.81857304205	7291.53797946481	
6705.99947222447	6830.11676388692	
6904.1209616147	6937.26734365796	
7185.75676772677	7328.54211705349	
7073.78923573384	7199.04166266833	
7026.85432892637	7168.85777146593	
7141.70038815807	7251.21837306089	
6629.47104338913	6723.58312649717	
7064.49876171812	7284.57829946412	
6830.2646121764	6910.70201785787	
6714.48756167791	6786.30360650337	
7031.3249560086	7273.57925946303	
7097.42733929976	7234.69894585972	
6915.23316445601	6952.38078365946	
6948.78322738172	8557.83202747344	
7140.94917109267	8690.59842747495	
6919.88673802048	8307.73994107066	
6631.60454948483	6934.80245348825	
7117.82930023907	8025.06794106746	
6981.58524505285	8184.47914106927	
6644.17569914671	6859.40085348739	
7051.99841159165	7422.88714106063	
6828.13899120062	6987.06531748882	
7186.07262723071	8689.26722747493	
6904.17414002219	8368.45514107135	
6711.9872158971	8541.36857467326	
7017.00020619188	8428.06794107202	
7009.24072371472	8394.64234107165	
7113.0591812084	8526.14246907309	
6634.22207344701	7398.23914106035	
7189.5977699283	8298.40074107055	
6939.90855973149	8287.54314107043	
7198.83492509911	8537.85337467322	
7119.85123734503	8701.08162747507	
6947.9203126746	7388.08828649756	7431.59820329756	7431.60828649756	7491.59820329756	7491.60828649756	7551.59820329756	7551.60828649756	7611.59820329756	7669.04308650068	7720.71300330068	7720.72308650068	7780.71300330068	7780.72308650068	7840.71300330068	7840.72308650068	7900.71300330068	7900.72308650068	7960.71300330068	8018.17108650463	8069.84100330463	8069.85108650463	8129.84100330463	8129.85108650463	8189.84100330463	8189.85108650463	8249.84100330463	8249.85108650463	8309.84100330463	8309.85108650463	8369.84100330463	8369.85108650463	8429.84100330463	8429.85108650463	8489.84100330463	8547.32308651063	8598.99300331063	8599.00308651063	8658.99300331063	8659.00308651063	8718.99300331063	8719.00308651063	8778.99300331063	8779.00308651063	8838.99300331063	8839.00308651063	8898.99300331063	8899.00308651063	8958.99300331063	10498.5750033333	
7009.49114214668	7702.3478033016	
7180.66850085996	7237.67788649597	7272.22780329597	7432.56148649807	7475.75140329807	7475.76148649807	7535.75140329807	7535.76148649807	7595.75140329807	7653.1934865005	7704.8634033005	7704.8734865005	7764.8634033005	7764.8734865005	7824.8634033005	7824.8734865005	7884.8634033005	7884.8734865005	7944.8634033005	8002.34228650445	8054.01220330445	8054.02228650445	8114.01220330445	8114.02228650445	8174.01220330445	8174.02228650445	8234.01220330445	8234.02228650445	8294.01220330445	9167.41660331821	
6710.20293111499	6893.75980329245	
7049.08028883457	7108.92108649441	7152.75100329441	7152.76108649441	7212.75100329441	7212.76108649441	7272.75100329441	7272.76108649441	7332.75100329441	7332.76108649441	7392.75100329441	7392.76108649441	7452.75100329441	7452.76108649441	7512.75100329441	7512.76108649441	7572.75100329441	7572.76108649441	7632.75100329441	10144.1846033293	
6907.48281772209	11280.8838033422	
7109.69411046959	7170.95828649503	7222.62820329503	8019.39828650465	8071.06820330465	8071.07828650465	8131.06820330465	8131.07828650465	8191.06820330465	8191.07828650465	8251.06820330465	8251.07828650465	8311.06820330465	8368.5470865086	8420.2170033086	8420.2270865086	8480.2170033086	8537.69268651052	8589.36260331052	8589.37268651052	8649.36260331052	11391.4579089434	
6819.99293341933	10177.8182033297	
7125.2179119838	8130.34508650599	8172.57500330599	8172.58508650599	8232.57500330599	8232.58508650599	8292.57500330599	8292.58508650599	8352.57500330599	8352.58508650599	8412.57500330599	8412.58508650599	8472.57500330599	8472.58508650599	8532.57500330599	8532.58508650599	8592.57500330599	8592.58508650599	8652.57500330599	8710.04148651247	8761.71140331247	8761.72148651247	8821.71140331247	8879.14548651439	8930.81540331439	8930.82548651439	8990.81540331439	8990.82548651439	9050.81540331439	9050.82548651439	9110.81540331439	9110.82548651439	9170.81540331439	9170.82548651439	9230.81540331439	11541.4532369451	
6919.81590417636	7231.9022864958	7275.0922032958	7275.1022864958	7335.0922032958	7335.1022864958	7395.0922032958	7395.1022864958	7455.0922032958	7455.1022864958	7515.0922032958	7515.1022864958	7575.0922032958	7575.1022864958	7635.0922032958	7635.1022864958	7695.0922032958	7695.1022864958	7755.0922032958	7755.1022864958	7815.0922032958	7815.1022864958	7875.0922032958	7875.1022864958	7935.0922032958	7935.1022864958	7995.0922032958	7995.1022864958	8055.0922032958	8055.1022864958	8115.0922032958	8115.1022864958	8175.0922032958	8175.1022864958	8235.0922032958	8235.1022864958	8295.0922032958	8295.1022864958	8355.0922032958	8412.5598865091	8464.2298033091	8464.2398865091	8524.2298033091	8524.2398865091	8584.2298033091	9800.69340332538	
6827.10657887618	8575.00148651102	8618.19140331102	8618.20148651102	8678.19140331102	8678.20148651102	8738.19140331102	8738.20148651102	8798.19140331102	8798.20148651102	8858.19140331102	8858.20148651102	8918.19140331102	8975.65748651548	9027.32740331548	9027.33748651548	9087.32740331548	9087.33748651548	9147.32740331548	9147.33748651548	9207.32740331548	9207.33748651548	9267.32740331548	9267.33748651548	9327.32740331548	9327.33748651548	9387.32740331548	9387.33748651548	9447.32740331548	9447.33748651548	9507.32740331548	9564.69268652216	9616.36260332216	9616.37268652216	9676.36260332216	9676.37268652216	9736.36260332216	9736.37268652216	9796.36260332216	9796.37268652216	9856.36260332216	11503.5556369447	
7093.55566343723	7242.71828649592	7285.90820329592	7285.91828649592	7345.90820329592	7345.91828649592	7405.90820329592	7405.91828649592	7465.90820329592	7465.91828649592	7525.90820329592	7525.91828649592	7585.90820329592	7585.91828649592	7645.90820329592	7703.27988650106	7754.94980330106	7754.95988650106	7814.94980330106	7814.95988650106	7874.94980330106	7874.95988650106	7934.94980330106	7934.95988650106	7994.94980330106	7994.95988650106	8054.94980330106	8054.95988650106	8114.94980330106	8114.95988650106	8174.94980330106	8174.95988650106	8234.94980330106	10679.8054033353	
7005.59097012146	8713.69588651259	8756.88580331259	8756.89588651259	8816.88580331259	8816.89588651259	8876.88580331259	8876.89588651259	8936.88580331259	8936.89588651259	8996.88580331259	9026.3466865163	9057.0566033163	9057.0666865163	9117.0566033163	9117.0666865163	9177.0566033163	9177.0666865163	9237.0566033163	9237.0666865163	9297.0566033163	9297.0666865163	9357.0566033163	9357.0666865163	9417.0566033163	9417.0666865163	9477.0566033163	11494.3620369446	
6947.14188089693	7255.48948649606	7298.67940329606	7298.68948649606	7358.67940329606	7414.71828649787	7458.70820329788	7458.71828649787	7518.70820329788	11201.9270033413	
7102.65856392492	7185.61788649541	7217.28780329541	7217.29788649541	7277.28780329541	7277.29788649541	7337.28780329541	7337.29788649541	7397.28780329541	7472.63348649859	7510.86340329859	7510.87348649859	7570.86340329859	7628.31668650021	7679.98660330021	7679.99668650021	7739.98660330021	7739.99668650021	7799.98660330021	7799.99668650021	7859.98660330021	7859.99668650021	7919.98660330021	7977.46548650417	8029.13540330417	8029.14548650417	8089.13540330417	8089.14548650417	8149.13540330417	8149.14548650417	8209.13540330417	9461.86140332154	
6999.21445521698	9594.69020332305	
7019.43943944161	8104.33908650568	8147.52900330568	8147.53908650568	8207.52900330568	8207.53908650569	8267.52900330568	8267.53908650569	8327.52900330568	8327.53908650569	8387.52900330568	8387.53908650569	8447.52900330568	8686.38548651228	8729.57540331228	8729.58548651228	8789.57540331228	8789.58548651228	8849.57540331228	8849.58548651228	8909.57540331228	11449.4113475143	
7118.38605410446	7163.39605730446	7211.38605410446	7211.39605730446	7271.38605410446	7271.39605730446	7331.38605410446	7675.52028650081	7719.67020330081	7719.68028650081	7779.67020330081	7779.68028650081	7839.67020330081	7839.68028650081	7899.67020330081	7899.68028650081	7959.67020330081	8018.44148650464	8070.11140330464	8070.12148650464	8130.11140330464	8130.12148650464	8190.11140330464	8190.12148650464	8250.11140330464	8250.12148650464	8310.11140330464	8310.12148650464	8370.11140330464	8370.12148650464	8430.11140330464	8430.12148650464	8490.11140330464	8490.12148650464	8550.11140330464	8550.12148650464	8610.11140330464	8610.12148650464	8670.11140330464	8788.44988651344	8832.27980331344	8832.28988651344	8892.27980331344	8892.28988651344	8952.27980331344	8952.28988651344	9012.27980331344	9012.28988651344	9072.27980331344	9072.28988651344	9132.27980331344	9194.56988651805	9238.39980331805	9238.40988651805	9298.39980331805	9298.40988651805	9358.39980331805	9358.40988651805	9418.39980331805	9418.40988651805	9478.39980331805	9478.40988651805	9538.39980331805	9538.40988651805	9598.39980331805	9655.83828652319	9707.50820332319	9707.51828652319	9767.50820332319	9767.51828652319	9827.50820332319	9827.51828652319	9887.50820332319	11560.5060369453	
6824.69250674217	7648.28860330099	
7022.52289931287	10705.2230033356	
6622.29948805409	6814.30140329155	
7122.68496417973	10189.5910033298	
7102.58091058577	9493.4566033219	
7160.30881648422	11359.8614033431	
7132.18966425807	7211.45748649557	7255.44740329557	7255.45748649557	7315.44740329557	7315.45748649557	7375.44740329557	7375.45748649557	7435.44740329557	7435.45748649557	7495.44740329557	7495.45748649557	7555.44740329557	7555.45748649557	7615.44740329557	7615.45748649557	7675.44740329557	7675.45748649557	7735.44740329557	7735.45748649557	7795.44740329557	7795.45748649557	7855.44740329557	7855.45748649557	7915.44740329557	7915.45748649557	7975.44740329557	7975.45748649557	8035.44740329557	8035.45748649557	8095.44740329557	8095.45748649557	8155.44740329557	8155.45748649557	8215.44740329557	8272.92948650752	8324.59940330752	8324.60948650752	8384.59940330752	8384.60948650752	8444.59940330752	8444.60948650752	8504.59940330752	8504.60948650752	8564.59940330752	8564.60948650752	8624.59940330752	8624.60948650752	8684.59940330752	8684.60948650752	8744.59940330752	8744.60948650752	8804.59940330752	8862.0270865142	8913.6970033142	8913.7070865142	8973.6970033142	8973.7070865142	9033.6970033142	9033.7070865142	9093.6970033142	9151.14708651747	9202.81700331747	9202.82708651747	9262.81700331747	9262.82708651747	9322.81700331747	9322.82708651747	9382.81700331747	9382.82708651747	9442.81700331747	9442.82708651747	9502.81700331747	11345.4054033429	
7020.958356749	7180.1218864952	7224.2718032952	7224.2818864952	7284.2718032952	7284.2818864952	7344.2718032952	10906.4214033379	
7081.50743060801	7136.75988649465	7188.42980329465	7244.48948649595	7288.47940329595	7288.48948649595	7348.47940329595	7348.48948649595	7408.47940329595	7408.48948649595	7468.47940329595	7468.48948649595	7528.47940329595	7528.48948649595	7588.47940329595	7588.48948649595	7648.47940329595	8329.96308650817	8381.63300330816	8381.64308650817	8441.63300330816	8441.64308650817	8501.63300330816	8501.64308650817	8561.63300330816	8561.64308650817	8621.63300330816	8621.64308650817	8681.63300330816	8739.1198865128	8790.7898033128	8790.7998865128	8850.7898033128	8850.7998865128	8910.7898033128	8968.2526865154	9019.9226033154	9019.9326865154	9079.9226033154	9079.9326865154	9139.9226033154	9139.9326865154	9199.9226033154	9199.9326865154	9259.9226033154	9259.9326865154	9319.9226033154	9319.9326865154	9379.9226033154	9379.9326865154	9439.9226033154	9439.9326865154	9499.9226033154	9499.9326865154	9559.9226033154	10193.6886033298	
7128.36355541605	7183.79948649518	7235.62940329518	7293.10228649642	7344.77220329642	7344.78228649642	7404.77220329642	7404.78228649642	7464.77220329642	7464.78228649642	7524.77220329642	7524.78228649642	7584.77220329642	7642.25268650037	7693.92260330037	7693.93268650037	7753.92260330037	7753.93268650037	7813.92260330037	7813.93268650037	7873.92260330037	7873.93268650037	7933.92260330037	7991.40148650433	8043.07140330433	8043.08148650433	8103.07140330433	8103.08148650433	8163.07140330433	8163.08148650433	8223.07140330433	8280.54228650761	8332.2122033076	8332.22228650761	8392.2122033076	8392.22228650761	8452.2122033076	8452.22228650761	8512.2122033076	11408.2233617436	
6965.07548773546	10928.9894033382	
7014.10547970687	7421.72668649795	7464.59660329795	7464.60668649795	7524.59660329795	7524.60668649795	7584.59660329795	7584.60668649795	7644.59660329795	7644.60668649795	7704.59660329795	7704.60668649795	7764.59660329795	7764.60668649795	7824.59660329795	7824.60668649795	7884.59660329795	7884.60668649795	7944.59660329795	7944.60668649795	8004.59660329795	11272.2518033421	
6803.50354022613	8098.97908650555	8150.64900330555	8150.65908650555	8210.64900330555	8210.65908650555	8270.64900330555	8270.65908650555	8330.64900330555	8330.65908650555	8390.64900330555	8448.1070865095	8499.7770033095	8499.7870865095	8559.7770033095	8559.7870865095	8619.7770033095	8619.7870865095	8679.7770033095	8817.8686865137	8869.53860331369	11187.3462033411	
7044.46476687074	7119.98508649464	7153.89500329464	7153.90508649464	7213.89500329464	8322.57068650815	8366.08060330815	8366.09068650815	8426.08060330815	8426.09068650815	8486.08060330815	8486.09068650815	8546.08060330815	8546.09068650815	8606.08060330815	8606.09068650815	8666.08060330815	8666.09068650815	8726.08060330815	8726.09068650815	8786.08060330815	8786.09068650815	8846.08060330815	9366.26460332046	
6751.60754097737	9352.3702033203	
6958.16080101707	9407.21980332092	
6924.8017415859	8889.65340331506	
7046.34578868544	9072.19420331713	
6717.23972854224	7633.82228650035	7677.01220330035	7677.02228650035	7737.01220330035	7737.02228650035	7797.01220330035	7797.02228650035	7857.01220330035	7857.02228650035	7917.01220330035	7917.02228650035	7977.01220330035	7977.02228650035	8037.01220330035	8094.4862865055	8146.1562033055	8146.1662865055	8206.1562033055	8206.1662865055	8266.1562033055	8266.1662865055	8326.1562033055	8326.1662865055	8386.1562033055	8443.59348650945	8495.26340330945	8495.27348650945	8555.26340330945	8555.27348650945	8615.26340330945	8677.56508651219	8721.39500331219	8721.40508651219	8781.39500331219	8781.40508651219	8841.39500331219	8841.40508651219	8901.39500331219	8901.40508651219	8961.39500331219	8961.40508651219	9021.39500331219	11362.0246033431	
6988.00177244959	7601.37428649998	7644.56420329998	7644.57428649998	7704.56420329998	7704.57428649998	7764.56420329998	7764.57428649998	7824.56420329998	7824.57428649998	7884.56420329998	7884.57428649998	7944.56420329998	11378.0406033433	
7148.04804903035	7198.61388649535	7249.80380329535	7249.81388649535	7309.80380329535	7309.81388649535	7369.80380329535	7369.81388649535	7429.80380329535	7488.54068649863	7540.21060329863	7540.22068649863	7600.21060329863	7600.22068649863	7660.21060329863	7660.22068649863	7720.21060329863	8985.59348651567	9028.78340331567	9028.79348651567	9088.78340331567	10656.5926033351	
7133.72046842231	7183.98108649519	7234.85100329519	7234.86108649519	7294.85100329519	7294.86108649519	7354.85100329519	7354.86108649519	7414.85100329519	7473.60628649846	7525.27620329846	7525.28628649846	7585.27620329846	7585.28628649846	7645.27620329846	7645.28628649846	7705.27620329846	8523.37588651043	8566.56580331043	8566.57588651043	8626.56580331043	8626.57588651043	8686.56580331043	8686.57588651043	8746.56580331043	8746.57588651043	8806.56580331043	8806.57588651043	8866.56580331043	8866.57588651043	8926.56580331043	8926.57588651043	8986.56580331043	8986.57588651043	9046.56580331043	9046.57588651043	9106.56580331043	9106.57588651043	9166.56580331043	9223.9678865183	9275.6378033183	9275.6478865183	9335.6378033183	9335.6478865183	9395.6378033183	9395.6478865183	9455.6378033183	11077.0854033399	
6920.79878147451	9217.79420331878	
6740.44849107238	8896.10140331513	
6612.82389928928	7994.32988650444	8037.19980330444	8037.20988650444	8097.19980330444	8860.20060331472	
7023.35964737777	7068.36965057777	7116.35964737777	7116.36965057777	7176.35964737777	7176.36965057777	7236.35964737777	7236.36965057777	7296.35964737777	7296.36965057777	7356.35964737777	10972.0454033387	
6941.68753760774	8355.426203309	
7020.78723887705	7285.64948649641	7328.83940329641	7328.84948649641	7388.83940329641	7388.84948649641	7448.83940329641	7448.84948649641	7508.83940329641	7508.84948649641	7568.83940329641	7626.29908650019	7677.96900330019	7677.97908650019	7737.96900330019	7737.97908650019	7797.96900330019	7797.97908650019	7857.96900330019	7857.97908650019	7917.96900330019	7917.97908650019	7977.96900330019	11257.8166033419	
6916.05303306613	10951.4118033384	
6783.96427734006	8142.86276667647	8186.69268347647	10725.3342835062	
7017.32445895075	7538.8499666697	7581.7198834697	7942.05716667416	7984.92708347416	8388.10068347969	8428.43348347964	8428.44356667964	8488.43348347964	9891.33316669647	9936.76308349647	11452.1410643144	
6627.9942031002	6806.39748346177	
6956.36795454606	7393.04196666805	7435.91188346805	8412.72788347997	
7182.50790573933	7239.62868346667	7287.16148346663	7287.17156666663	7347.16148346663	7791.67084987293	7834.54068347293	8807.34316668413	8838.29308348413	8842.15396668483	8900.87508348482	8903.47236668553	8963.46228348553	8969.87668348628	9026.02868348624	9509.98436669221	9544.05428349221	10592.4638835047	
6943.49202705583	8282.54068347849	8322.87348347845	8322.88356667845	8382.87348347845	11434.8354643142	
6943.85982547037	7496.36308346958	7536.71668346954	7536.72676666954	7596.71668346954	8323.72468347896	
6950.09199735873	7275.85556666658	7322.88548346658	7410.65636666861	7454.80628346861	7454.81636666861	7514.80628346861	7521.23988346986	7577.39188346982	8991.08516668616	9033.95508348615	11269.0254835123	
7055.17157128988	7637.67716667074	7689.34708347074	7689.35716667074	7749.34708347074	7844.78388347353	7885.07508347349	7885.08516667349	7945.07508347349	9744.38436669479	9791.73428349479	11383.8120531136	
6652.42160448822	6776.75588346143	
6705.030415736	7168.71796666562	7212.86788346562	7219.28628346644	7275.4382834664	8335.91348347909	8376.20468347905	8376.21476667905	8436.20468347905	8577.82196668135	8621.97188348135	10051.4558834985	
7148.91758633162	7220.38636666609	7254.77628346609	7254.78636666609	7314.77628346609	7411.39396666823	7456.82388346823	7456.83396666823	7516.82388346823	10323.5198835016	
6964.58094471181	8754.15988348384	
7142.12569307265	10874.0334835079	
7116.65166693125	8292.24836667823	8335.75828347823	8342.19508347917	8398.34708347912	8611.38868348222	
6917.85544618745	8283.80836667824	8314.67828347824	8314.68836667824	8374.67828347824	8381.09108347961	8437.26388347956	10378.6190835022	
7185.13750465728	10440.4574835029	
6820.8311809581	7252.67028346682	7292.36308346678	7292.37316666678	7352.36308346678	7724.95156667191	7755.90148347191	8833.15828348473	
6917.74854617349	7474.38764986933	7518.53748346933	7518.54756666933	7578.53748346933	7584.99188347059	7641.12308347054	7887.89876667375	7918.84868347376	10559.0174835043	
6744.75795625337	7221.12916666603	7264.95908346603	7264.96916666603	7324.95908346603	7331.35668346771	7387.52948346767	10548.0974835042	
6981.15774019963	7969.99236667458	8012.86228347458	8400.64308347983	
7096.28229497556	8599.19988348208	
7099.84897894368	7536.66284987004	7580.81268347004	7580.82276667004	7640.81268347004	7797.69036667269	7828.64028347269	8043.27236667541	8086.78228347541	9362.80948349073	
7082.11269889994	7486.62636666916	7517.57628346916	7850.12836667335	7893.31828347335	8144.36628347693	8183.71828347688	8360.347566679	8403.857483479	10560.3486835043	
7064.0204006869	7618.08468347096	7658.41748347092	7658.42756667092	7718.41748347092	7854.59916667333	7885.54908347333	11021.8798835095	
7000.20412445932	7799.52308347302	7838.93748347297	7991.75436667489	8022.70428347489	8183.838766677	8227.348683477	8768.77636668383	8799.72628348382	9422.08948349141	
6925.0268592941	8457.61076668021	8488.56068348021	9122.14756668764	9165.65748348764	9172.09428348857	9228.24628348853	9479.01076669158	9521.88068349158	11312.2377363128	
7130.28407520437	7186.2675666657	7229.7774834657	9851.44308349627	9893.05588349623	11434.0034643142	
6937.40168099489	8156.6515666767	8199.5214834767	8205.83028347762	8262.00308347758	8593.57636668165	8636.44628348165	10348.5630835019	
6730.07849514761	8417.90708348002	
7095.36782170359	7150.68276666523	7201.55268346523	7201.56276666523	7261.55268346523	7261.56276666523	7321.55268346523	8553.51076668131	8598.30068348131	8604.71188348214	8660.8638834821	9916.19348349701	
6956.59656063444	7890.72996667378	7938.07988347378	7938.08996667378	7998.07988347378	8052.42116667567	8090.81108347567	8200.7467666771	8243.61668347709	8937.01268348591	8980.58708348587	9463.28676669151	9506.15668349151	11456.0514643144	
7147.2000840968	9779.78116669509	9823.29108349509	9829.68628349602	9885.87988349598	11266.0718835123	
7116.68171731367	8095.05964987637	8139.20948347637	8637.82116668222	8689.49108348222	11035.6494835097	
6756.95549417376	7243.61156666672	7287.12148346672	7287.13156666672	7347.12148346672	7353.52948346796	7409.70228346792	7689.3379666714	7732.2078834714	8245.9059666779	8276.8558834779	8386.60308347967	8426.29588347963	8426.30596667963	8486.29588347963	11316.4393363129	
6615.72277945963	8563.59028348168	8603.90228348163	8603.91236668163	8663.90228348163	8665.18764988283	8725.17748348283	8731.61268348358	8787.76468348354	9141.44836668798	9184.95828348798	10385.7742835023	
6800.81882349667	9665.6307666938	9709.1406834938	11229.4014835119	
6659.98406387969	7678.06516667123	7716.77508347123	7909.7987666739	7953.3086834739	8809.66916668409	8853.17908348409	9840.66868349615	
6734.03269396088	7423.81268346876	7463.48468346872	7463.49476666872	7523.48468346872	8408.06756667956	8468.05748347956	8468.06756667956	8528.05748347956	8688.30708348309	
7196.09113196965	7259.67716666655	7319.66708346655	7450.85268346907	7491.20628346902	8285.78316667822	8316.73308347822	9769.65748349534	
7031.20694858112	7873.58436667361	7917.09428347361	8309.9550834788	8351.51508347877	8351.52516667877	8411.51508347877	9010.18116668637	9053.69108348637	11116.8526835106	
6749.64044762358	7833.78068347341	7873.49428347336	7873.50436667336	7933.49428347336	7934.77484987455	7994.76468347455	7999.92036667529	8057.35188347526	8062.445166676	8119.87668347597	8121.16364987666	8181.15348347666	8183.72996667737	8243.71988347737	8250.15508347812	8306.28628347808	8491.38756668049	8534.89748348049	9296.49316668961	9340.00308348961	9715.41108349473	
6812.10631317985	7858.36396667338	7889.31388347338	7890.61644987405	7950.60628347405	11355.8872947133	
6738.70164952292	8351.0707666789	8394.5806834789	10262.1182835009	
6963.08628499127	7207.2324498663	7251.3822834663	7251.3923666663	7311.3822834663	7317.71188346756	7373.84308346751	7375.13004986821	7435.11988346821	7436.4276498689	7496.4174834689	7977.63348347504	8019.26708347499	8586.81796668176	8617.76788348176	8677.63556668253	8729.30548348253	8729.31556668253	8789.30548348253	8868.63244988513	8912.14228348513	8912.15236668513	8972.14228348513	8978.55028348638	9034.70228348633	11020.7566835095	
7011.63828715609	7185.01796666576	7219.56788346576	7426.22548346879	7467.81748346874	7562.7923666699	7606.6222834699	8123.30916667632	8166.17908347632	10061.3150834986	
6964.48921497707	8950.79716668569	8994.30708348569	11146.971083511	
7007.41242020225	7684.26436667134	7727.77428347134	7729.06284987222	7789.05268347222	7795.46708347297	7851.59828347293	8849.10596668454	8892.61588348454	9966.2323666972	10009.7422834972	11183.3294835114	
6966.83155438977	8018.4948498755	8062.6446834755	8402.40044987985	8445.27028347985	8633.03556668209	8676.54548348209	8682.98228348303	8739.11348348298	8972.80036668606	9017.43028348606	9017.44036668606	9077.43028348606	9083.88148348757	9140.01268348753	9748.91988349511	
7099.5574434394	7591.07564987065	7635.22548347065	7635.23556667065	7695.22548347065	7699.11076667188	7757.81108347186	7764.16308347262	7820.39828347257	10105.5358834992	
6933.28351400918	7184.81750425492	
6960.61198513461	7711.30881306238	
7042.86036282879	7368.02422425299	
7048.73561192429	7360.18678425307	
7017.90752884948	7927.99421466634	
6679.56427058961	6901.1071042579	
7014.7220955208	7904.12805786365	
6967.06485589374	7668.1724898628	
7032.12140882157	7706.94081306242	
7058.31454336828	7782.39706267137	
7177.38862017105	7706.32513306243	
6955.2927884336	7136.45238425542	
6838.05646164298	6956.79382425731	
6683.62091667302	6852.20214425842	
7095.72583559308	7854.49729626411	
7015.02169133418	7850.18753626416	
6831.39540858297	6980.42294425707	
6722.52632223297	6855.67990425838	
6955.8730072475	7188.33718425488	
7000.88871946595	7920.29381786348	
7117.93448232771	7922.65669786345	
6957.91121117397	7784.76826267134	
7167.50794056191	7641.31190106307	
7066.25858572645	7111.85982745568	7159.84974425568	7346.83318425321	
7184.40976446931	7587.99127705824	
6989.42237727535	7912.88069786355	
6802.26313317848	6894.80054425797	
7136.63960633934	7886.87827866382	
6669.24944411401	6718.75638425982	
6676.12171664016	6739.01590425961	
