7045.1557243451	7188.03053539927	
7054.76123974092	7167.25500948532	
6943.14817708988	7026.38063140241	
6959.85117481925	7025.67343140234	
7156.24278901918	7346.90705429227	
7008.02556588095	7201.79665700046	
7036.58194710982	7099.37799780955	
6665.25682189856	6710.4613001932	
6821.38266145741	6872.87039139498	
7126.73512709464	7326.95153429029	
7105.88902755192	7168.96060948549	
7107.56614908202	7316.4834062895	
6805.40461063106	6834.91342820014	
7156.25448558943	7307.58973588882	
6605.60823164784	6662.1031726777	
6961.67838627505	7096.56167780927	
6768.13522417688	6871.55294228002	
7061.2016578302	7366.84177429423	
6667.27728818982	6723.12175779326	
6708.32676773445	6731.3257193918	
7158.55490874412	7388.85833748587	
7124.8162535333	7213.88916260136	
7009.34967488225	7166.74732948528	
7005.52705883599	7115.32032421105	
7060.77003520037	7282.20841748675	
7166.64020533728	7370.60696420058	
6950.78958976211	7019.96596628176	
7049.74509651873	7360.77233429364	
6725.33998433103	6835.76622820022	
6740.74877928361	6819.21342819859	
7058.26987769265	7564.19274708792	
6766.32876246166	7586.57354708818	
6977.47483669279	8467.3429390981	
7176.65144472102	8218.99906389532	
7194.49401908128	8254.17236949571	
6712.40438185634	8324.19733909648	
6997.04240410329	7372.47914708575	
7019.3386555835	8028.88554709319	
6674.03070860295	8377.88213909709	
7175.76932002417	8392.15093909725	
6654.12440574742	7072.14394708235	
6672.15854799587	7097.31194708263	
7006.59563251078	8309.06508629631	
7117.1484044906	8478.61653909823	
6952.8203667222	8143.55594709449	
7151.87940976733	8318.60213909641	
6827.61680867799	7701.82634708948	
6628.5510075356	7634.01834708872	
6607.7604430771	7684.06314708928	
6973.7208914434	7688.18154708933	
6992.78428346215	10608.5795034373	
6645.1954488622	10314.280303434	
7061.84511930425	9300.67550342249	
7004.13353437394	10399.997103435	
7016.98998218344	10805.9507034396	
6604.49719939196	6845.45790339467	
7118.95460441956	11102.5814618429	
6792.49023095812	9724.28830342729	
6672.15289686423	7376.14438660021	7419.33430340021	7419.34438660021	7479.33430340021	8597.26110341452	
6973.10679261236	7375.85638660021	7419.84630340021	7419.85638660021	7479.84630340021	7479.85638660021	7539.84630340021	7539.85638660021	7599.84630340021	7599.85638660021	7659.84630340021	7659.85638660021	7719.84630340021	7777.32038660468	7828.99030340468	7829.00038660468	7888.99030340468	7889.00038660468	7948.99030340468	7949.00038660468	8008.99030340468	8009.00038660468	8068.99030340468	8069.00038660468	8128.99030340468	8186.47798660932	8238.14790340932	8238.15798660932	8298.14790340932	8298.15798660932	8358.14790340932	8358.15798660932	8418.14790340932	8418.15798660932	8478.14790340932	8478.15798660932	8538.14790340932	8595.63478661395	8647.30470341395	8647.31478661395	8707.30470341395	8707.31478661395	8767.30470341395	8767.31478661395	8827.30470341395	8827.31478661395	8887.30470341395	8887.31478661395	8947.30470341395	8947.31478661395	9007.30470341395	9007.31478661395	9067.30470341395	10421.6915034352	
7146.86425641715	7191.87425961715	7239.86425641715	7239.87425961715	7299.86425641715	7992.62590340767	
6939.59393168271	8963.17470341867	
6663.4588288941	7698.11398660378	7749.78390340378	7749.79398660378	7809.78390340378	7809.79398660378	7869.78390340378	7869.79398660378	7929.78390340378	7929.79398660378	7989.78390340378	8055.40030340838	
7094.3847244487	10324.6387034341	
6926.00280731156	8594.38238661402	8637.25230341402	8637.26238661402	8697.25230341402	8697.26238661402	8757.25230341402	8757.26238661402	8817.25230341402	8817.26238661402	8877.25230341402	8877.26238661402	8937.25230341402	8994.72438661848	9046.39430341848	9046.40438661848	9106.39430341848	9106.40438661848	9166.39430341848	9166.40438661848	9226.39430341848	9226.40438661848	9286.39430341848	9286.40438661848	9346.39430341848	9346.40438661848	9406.39430341848	9406.40438661848	9466.39430341848	10237.1331034331	
7107.59279917536	7243.47758659882	7277.38750339882	7277.39758659882	7337.38750339882	7337.39758659882	7397.38750339882	7397.39758659882	7457.38750339882	7457.39758659882	7517.38750339882	7517.39758659882	7577.38750339882	7633.42278660313	7677.41270340313	7677.42278660313	7737.41270340313	7737.42278660313	7797.41270340313	7797.42278660313	7857.41270340313	7857.42278660313	7917.41270340313	9544.55550342526	
6923.23856769115	8568.35958661372	8611.54950341372	8611.55958661372	8671.54950341372	8671.55958661372	8731.54950341372	8807.02198661643	8851.01190341643	8851.02198661643	8911.01190341643	11102.1654618429	
6607.87658266542	6781.45470339395	
6632.5894966107	7119.30758659728	7164.41750339728	7164.42758659728	7224.41750339728	9558.47070342542	
6617.82072513688	9009.30910341919	
7038.92962994015	8561.89678661366	8604.12670341366	8604.13678661366	8664.12670341366	8664.13678661366	8724.12670341366	8724.13678661366	8784.12670341366	8784.13678661366	8844.12670341366	8844.13678661366	8904.12670341366	8904.13678661366	8964.12670341366	10059.9587034311	
7154.13285090327	7199.14285410327	7247.13285090327	7247.14285410327	7307.13285090327	7307.14285410327	7367.13285090327	7367.14285410327	7427.13285090327	7427.14285410327	7487.13285090327	7487.14285410327	7547.13285090327	7547.14285410327	7607.13285090327	7607.14285410327	7667.13285090327	7667.14285410327	7727.13285090327	7727.14285410327	7787.13285090327	7787.14285410327	7847.13285090327	11209.4583898441	
6984.03882512438	7517.29318660181	7560.48310340181	7560.49318660181	7620.48310340181	7620.49318660181	7680.48310340181	7737.96678660423	7789.63670340423	7789.64678660423	7849.63670340423	7849.64678660423	7909.63670340423	7909.64678660423	7969.63670340423	7969.64678660423	8029.63670340423	8029.64678660423	8089.63670340423	8147.10358660887	8198.77350340887	8198.78358660887	8258.77350340887	8258.78358660887	8318.77350340887	8318.78358660887	8378.77350340887	8378.78358660887	8438.77350340887	8438.78358660887	8498.77350340887	11160.7421786436	
7174.9939882883	7230.30038659848	7281.97030339848	7281.98038659848	7341.97030339848	7341.98038659848	7401.97030339848	7401.98038659848	7461.97030339848	10681.0467034381	
7119.16326342382	7168.7919865978	7219.0219033978	7219.0319865978	7279.0219033978	7336.39798659976	7380.38790339976	7380.39798659976	7440.38790339976	7440.39798659976	7500.38790339976	7500.39798659976	7560.38790339976	7560.39798659976	7620.38790339976	11229.9678426443	
6612.57498969142	7402.57070340098	
6611.88419603921	7597.27950340319	
6990.70055813292	8310.86158661081	8353.09150341081	8353.10158661081	8413.09150341081	8413.10158661081	8473.09150341081	10132.2803034319	
7012.65739503001	7088.95878659686	7140.46870339686	7140.47878659686	7200.46870339686	7200.47878659686	7260.46870339686	7260.47878659686	7320.46870339686	7320.47878659686	7380.46870339686	7380.47878659686	7440.46870339686	7440.47878659686	7500.46870339686	7500.47878659686	7560.46870339686	7560.47878659686	7620.46870339686	7620.47878659686	7680.46870339686	7680.47878659686	7740.46870339686	7740.47878659686	7800.46870339686	7800.47878659686	7860.46870339686	7860.47878659686	7920.46870339686	7920.47878659686	7980.46870339686	7980.47878659686	8040.46870339686	8040.47878659686	8100.46870339686	8100.47878659686	8160.46870339686	8160.47878659686	8220.46870339686	8277.89398661035	8329.56390341035	8329.57398661035	8389.56390341035	8389.57398661035	8449.56390341035	8449.57398661035	8509.56390341035	8509.57398661035	8569.56390341035	8645.3315866146	8689.6415034146	8689.6515866146	8749.6415034146	8807.12918661635	8858.79910341635	8858.80918661635	8918.79910341635	8918.80918661635	8978.79910341635	8978.80918661635	9038.79910341635	9038.80918661635	9098.79910341635	9156.27798662031	9207.94790342031	9207.95798662031	9267.94790342031	9267.95798662031	9327.94790342031	9327.95798662031	9387.94790342031	9387.95798662031	9447.94790342031	11244.8190426445	
6925.17618870637	7242.7947865987	7285.9847033987	7285.9947865987	7345.9847033987	7345.9947865987	7405.9847033987	7405.9947865987	7465.9847033987	7465.9947865987	7525.9847033987	7525.9947865987	7585.9847033987	7643.45158660316	7695.12150340316	7695.13158660316	7755.12150340316	7755.13158660316	7815.12150340316	7815.13158660316	7875.12150340316	7875.13158660316	7935.12150340316	7935.13158660316	7995.12150340316	11219.5886426442	
7064.15922816243	7124.20638659736	7168.03630339736	7168.04638659736	7228.03630339736	7228.04638659736	7288.03630339736	7288.04638659736	7348.03630339736	7348.04638659736	7408.03630339736	11174.9284314437	
7040.13032245945	10337.1187034342	
6913.36879076538	9608.66110342598	
6929.92682929663	10856.9731034401	
7033.8396125741	7979.82358660705	8023.01350340705	10853.3955034401	
6824.13151841162	7227.66718659851	7271.81710339851	7271.82718659851	7331.81710339851	8906.32830341802	
7159.9504215617	7369.07838660014	7411.30830340014	7411.31838660014	7471.30830340014	7471.31838660014	7531.30830340014	7531.31838660014	7591.30830340014	7591.31838660014	7651.30830340014	7651.31838660014	7711.30830340014	7711.31838660014	7771.30830340014	7771.31838660014	7831.30830340014	7831.31838660014	7891.30830340014	7891.31838660014	7951.30830340014	8008.7835866073	8060.4535034073	8060.4635866073	8120.4535034073	8253.68278661008	8305.35270341008	8305.36278661008	8365.35270341008	8365.36278661008	8425.35270341008	8425.36278661008	8485.35270341008	8485.36278661008	8545.35270341008	8545.36278661008	8605.35270341008	8605.36278661008	8665.35270341008	8665.36278661008	8725.35270341008	11000.9091034418	
6973.6077745828	8229.91230341036	
7162.3834022194	7235.66358659862	7279.65350339862	7375.90958660019	7420.05950340019	7420.06958660019	7480.05950340019	7480.06958660019	7540.05950340019	7540.06958660019	7600.05950340019	7600.06958660019	7660.05950340019	7660.06958660019	7720.05950340019	7834.97798660533	7886.64790340533	7886.65798660533	7946.64790340533	7946.65798660533	8006.64790340533	8006.65798660533	8066.64790340533	8124.09878660861	8175.76870340861	8175.77878660861	8235.76870340861	8235.77878660861	8295.76870340861	8295.77878660861	8355.76870340861	8355.77878660861	8415.76870340861	8473.24758661257	8524.91750341257	10977.3011034415	
7015.33835029225	7082.67358659699	7116.90350339699	7116.91358659699	7176.90350339699	7176.91358659699	7236.90350339699	7236.91358659699	7296.90350339699	7296.91358659699	7356.90350339699	8032.94678660765	8076.13670340765	8076.14678660765	8136.13670340765	8136.14678660765	8196.13670340765	11199.972937044	
6923.47530786601	7903.82038660619	7947.01030340619	7947.02038660619	8007.01030340619	8007.02038660619	8067.01030340619	8803.99230341686	
7032.94720267628	9915.54430342946	
6669.67323035191	7342.96558659983	7386.47550339983	7386.48558659983	7446.47550339983	7446.48558659983	7506.47550339983	7506.48558659983	7566.47550339983	7566.48558659983	7626.47550339983	7626.48558659983	7686.47550339983	7686.48558659983	7746.47550339983	7746.48558659983	7806.47550339983	7806.48558659983	7866.47550339983	7866.48558659983	7926.47550339983	7926.48558659983	7986.47550339983	7986.48558659983	8046.47550339983	8046.48558659983	8106.47550339983	8184.51158660921	8241.78150340921	11042.7171034422	
7126.86903049554	7200.17798659814	7251.84790339814	7251.85798659814	7311.84790339814	7387.29638660034	7431.28630340034	7431.29638660034	7491.28630340034	7491.29638660034	7551.28630340034	7551.29638660034	7611.28630340034	7611.29638660034	7671.28630340034	7671.29638660034	7731.28630340034	7788.76038660481	7840.43030340481	7840.44038660481	7900.43030340481	8072.82678660803	8124.49670340803	8124.50678660803	8184.49670340803	8184.50678660803	8244.49670340803	8244.50678660803	8304.49670340803	8361.9675866113	8413.6375034113	8413.64758661131	8473.6375034113	9447.44030342416	
6962.66299502304	7228.00598659853	7271.19590339853	7271.20598659853	7331.19590339853	7331.20598659853	7391.19590339853	7391.20598659853	7451.19590339853	7451.20598659853	7511.19590339853	7511.20598659853	7571.19590339853	10490.227503436	
6992.65976273307	8062.05630340846	
6654.09979048385	7461.47630340165	
6732.49443558907	7941.65245540663	7985.48237220663	8984.0236554187	9014.9735722187	9119.26525542004	9162.77517222004	11826.8487722511	
7001.19567463409	8555.25085541365	8598.12077221365	10152.0684554317	10195.8983722317	11352.0263722457	
7195.1556126586	7326.7479722001	7367.12237220005	7367.13245540005	7427.12237220005	8056.5772554081	8103.9271722081	8103.9372554081	8163.9271722081	8735.84397221606	8774.93837221602	9253.67013862193	9297.81997222193	9304.18317222251	9360.39757222246	9361.70533862316	9421.69517222316	12247.6368170558	
7026.45031435636	7247.6039721992	7286.69837219916	7419.76557220115	7460.09837220111	9830.7292554283	9861.6791722283	10962.5879722413	
7122.24082685792	7347.54205539996	7391.05197219996	7990.32445540725	8033.83437220725	8040.25037220818	8096.42317220814	8790.77085541632	8834.28077221632	11010.9687722418	
6790.80018050455	8675.28765541501	8718.15757221501	8724.57037221594	8780.74317221589	9390.12645542317	9421.07637222317	10244.5660554328	10288.0759722328	11759.7895722503	
7074.57881401582	7463.2508554014	7506.7607722014	8459.76557221293	8511.65997221289	9146.56077222072	9186.85197222067	9870.02637222892	9917.92077222888	10426.5095722352	
6727.24792873357	9053.22365541942	9096.73357221941	10331.2432554338	10362.1931722338	12161.4198058548	
6744.89237231548	8665.32133861527	8709.47117221526	8709.48125541526	8769.47117221526	8816.95965541664	8848.94957221664	9469.76445542414	9513.27437222414	9513.28445542414	9573.27437222414	9814.85885542782	9870.84877222782	9973.52717223009	
7131.14055791825	7794.11333860539	7837.62317220539	7837.63325540539	7897.62317220539	7904.07277220664	7960.2039722066	8156.8967722095	8195.97037220946	10350.020455434	10392.890372234	10399.2407722349	10455.3927722349	11603.7479722486	
6837.62666255808	7771.90125540467	7814.77117220467	7821.2263722057	7877.35757220566	7906.17357220666	
7125.11052091079	8082.32877220866	8121.33997220862	8188.13245540961	8232.60237220961	8300.95757221113	8331.50957221109	9975.49725542992	10009.5671722299	10283.5197386336	10327.6695722336	10327.6796554336	10387.6695722336	11855.6151722514	
6799.55759753768	8403.49405541193	8446.36397221193	8882.43165541773	8925.2823722177	9407.34765542341	9438.29757222341	11917.6823722521	
6609.2428561793	7360.31325540011	7403.82317220011	8948.68645541793	9000.35637221793	9060.3020554193	9111.9719722193	9111.9820554193	9171.9719722193	9272.65037222215	
6610.02712878475	7297.39917219976	
6638.74454661029	7207.10445539838	7249.65437219838	8469.01093861304	8513.16077221304	8513.17085541304	8573.16077221304	9906.64765542897	9949.51757222897	11212.6039722441	
7140.9273129314	7272.73037219948	7312.40237219944	7312.41245539944	7372.40237219944	8488.90085541276	8534.65077221276	8534.66085541276	8594.65077221276	8595.93253861448	8655.92237221448	9171.291972221	9211.58317222096	9211.59325542096	9271.58317222096	9272.86853862215	9332.85837222215	9339.2935722229	9395.44557222286	12000.9863722531	
6803.83468670483	7172.80205539787	7216.95197219787	7216.96205539787	7276.95197219787	7429.90765540079	7472.77757220079	7523.78045540214	7557.85037220214	8259.66205541042	8303.17197221042	8361.07965541182	8402.49037221179	8402.50045541179	8462.49037221179	8724.86157221594	8769.0343722159	10007.4684554299	10064.4183722299	10161.7463722322	10202.0583722322	11383.9543722461	
7036.36194123306	7267.41573859942	7310.92557219942	7317.36717219999	7373.49837219995	8425.60605541211	8469.43597221211	8529.44445541329	8581.11437221329	8787.37573861665	8831.52557221665	8831.53565541665	8891.52557221665	8897.9383722179	8954.11117221786	9619.75845542578	9650.70837222577	9688.00205542659	9718.95197222659	11973.5927722528	
7195.27588013131	8019.50685540777	8050.45677220777	9714.29085542678	9757.80077222678	9915.52605542943	9956.49837222941	9962.91917222997	10019.0711722299	11325.1943722454	
6939.0766141069	8537.93085541347	8597.92077221347	8597.93085541347	8657.92077221347	9268.4381386221	9315.7879722221	11986.9463722529	
7198.35901359102	10381.8727722347	10422.2055722347	12206.3904170553	
7088.62351452055	7134.88997539745	7182.87989219745	7614.05837220335	7657.57037220331	8125.63437220915	8164.68717220911	9744.43597222749	9783.46797222745	10230.0268554328	10260.9767722328	10376.9212554344	10420.1111722344	10420.1212554344	10480.1111722344	12257.4544170559	
7014.88548602966	7782.9252554048	7825.7951722048	8694.42885541529	8725.37877221529	10767.4839722391	
7156.21767690245	7218.87245539853	7278.86237219853	7834.02965540548	7868.09957220548	8129.6279722092	8169.93997220915	8169.95005540915	8229.93997220915	10177.7623722324	
6767.67670173289	7854.0220554057	7897.5319722057	11489.4519722473	
6714.71010247846	8326.71805541143	8370.22797221143	8370.23805541143	8430.22797221143	8436.59437221267	8492.78797221263	8559.20125541385	8597.59117221384	8597.60125541385	8657.59117221384	9370.63805542282	9422.30797222282	11800.1623722508	
6989.87054644292	7175.4228553979	7219.5727721979	7219.5828553979	7279.5727721979	8302.23965541079	8345.10957221078	8346.41573861165	8406.40557221165	8412.7991722124	8468.99277221236	8622.68605541459	8656.75597221459	9936.22213862967	9979.73197222967	9979.74205542967	10039.7319722297	10834.0439722398	
6638.91016722961	8947.06205541809	8990.57197221809	10190.8172554323	10234.3271722323	10643.7031722377	
7184.37775879294	8013.66565540757	8044.61557220757	8291.63325541078	8336.10317221078	8385.23245541168	8423.94237221168	8425.24773861254	8485.23757221254	8491.6727722133	8547.80397221325	9460.88285542404	9504.39277222404	9510.74797222485	9566.9207722248	9845.78845542827	9889.29837222827	9895.75597222921	9951.88717222917	11797.4791722508	
7062.13990064833	7825.58845540538	7869.09837220538	9156.09733862083	9200.08717222083	9200.09725542083	9260.08717222083	9617.45197222606	9665.30477222601	12189.9061642551	
6975.0806953006	7609.10205540293	7652.61197220293	7711.33885540402	7763.00877220402	7769.45517220511	7825.58637220507	7885.64285540599	7937.31277220599	8409.96925541213	8453.15917221213	8453.16925541213	8513.15917221213	9079.39757221996	9117.81037221991	9622.64133862612	9666.79117222611	9666.80125542611	9726.79117222611	9948.48397222981	9988.79597222976	9988.80605542976	10048.7959722298	12246.9088170558	
6912.64197552568	7383.5292554005	7425.7591722005	8183.15885540933	8226.02877220933	8258.29085541048	8289.24077221047	8571.43645541391	8623.10637221391	8624.3869386148	8684.3767722148	8951.15493861851	8994.6647722185	8994.67485541851	9054.6647722185	9061.09357221975	9117.24557221971	10478.6492554354	10522.1591722354	11697.3063722496	
7115.87779414343	7553.02285540219	7595.89277220219	7840.06053860591	7884.21037220591	7885.44613860643	7945.43597220643	7951.85037220718	8008.02317220714	8476.10685541276	8518.97677221275	10437.796455435	10480.666372235	11463.763972247	
7057.84861102192	7259.24605539896	7302.75597219896	8013.93605540758	8044.88597220758	8051.29517220831	8107.46797220826	9096.97085541992	9139.20077221992	9139.21085541992	9199.20077221992	10068.1580554309	10106.5479722309	10106.5580554309	10166.5479722309	10760.141572239	
7157.03865574799	8423.80005541222	8454.74997221222	8568.75757221417	8622.93357221413	8970.53037221872	9010.88397221868	9010.89405541868	9070.88397221868	10503.2580554358	10534.2079722358	12225.1520170555	
6965.0093006114	7858.16125540575	7901.67117220575	7908.06637220668	7964.25997220664	9468.11813862436	9512.58797222436	9512.59805542436	9572.58797222436	9619.13005542566	9657.83997222566	9659.06213862653	9719.05197222653	10018.8711722306	
7153.32145031575	7736.32077220474	7776.61199460464	7776.62207780464	7836.61199460464	8035.39805540795	8066.34797220795	8837.55485541678	8889.22477221678	8889.23485541678	8949.22477221678	9113.42637222034	
7023.63020765495	11140.1783722433	
7022.17515725442	7231.72293859902	7274.59277219902	7330.06533860013	7374.05517220013	7374.06525540013	7434.05517220013	7440.50317220139	7496.63437220134	7575.13245540269	7613.52237220269	7613.53245540269	7673.52237220269	8817.35325541662	8860.86317221662	8893.13005541758	8924.07997221758	9278.92605542185	9322.43597222185	9328.83117222278	9384.98317222274	11822.127172251	
7020.44838699872	8484.80877221322	
7111.81296661986	7529.18845540221	7560.13837220221	7565.2716554028	7622.70317220277	7629.07597220352	7685.29037220348	8298.74445541064	8341.61437221064	9035.10685541921	9078.61677221921	9078.62685541921	9138.61677221921	9138.62685541921	9198.61677221921	9390.16805542317	9421.11797222317	10822.4999722397	10862.1927722397	10862.2028554397	10922.1927722397	11955.7671722526	
6909.46165971713	8133.45085540878	8175.68077220878	8175.69085540877	8235.68077220878	9096.20397222015	9136.5159722201	9303.90365542221	9354.77357222221	9606.98365542557	9650.49357222557	9656.8887722265	9713.08237222646	10054.023172231	
7141.50874382326	7931.11165540651	7982.78157220651	7982.79165540651	8042.78157220651	9488.75645542423	9532.26637222423	10591.0300554368	10634.5399722368	10634.5500554368	10694.5399722368	10694.5500554368	10754.5399722368	10964.1271722413	
6711.54657047358	7340.57245539989	7383.44237219989	7389.89677220081	7446.02797220077	7634.85245540341	7665.80237220341	7960.10685540684	8011.77677220684	8011.78685540684	8071.77677220684	8600.72717221453	8639.41837221449	8639.42845541449	8699.41837221449	8734.19845541574	8765.14837221574	8771.59917221647	8827.73037221643	8950.68125541832	8981.63117221832	12099.0091530541	
7167.58715298001	7941.01357220706	7980.66477220701	7980.67485540701	8040.66477220701	8221.99325540988	8264.86317220988	8266.16933861074	8326.15917221074	8332.53197221149	8388.74637221145	10258.1692554329	10301.6791722329	12226.9824170556	
6693.6229803641	7353.65485539993	7396.52477219993	8709.9004554154	8753.4103722154	9236.35437222174	
7148.78050426843	7425.31325540084	7468.82317220084	8294.9820554107	8338.4919722107	9544.35485542486	9587.86477222486	9594.28077222579	9650.43277222575	12005.8743722531	
7095.60556548998	7489.37245540194	7530.34477220191	7530.35485540191	7590.34477220191	7596.75277220316	7652.88397220311	7768.94525540511	7818.19597220508	8082.8220554083	8126.3319722083	9874.73725542897	9916.32877222894	9916.33885542894	9976.32877222894	9981.48285543018	10038.8935722302	10045.3287722309	10101.4807722309	10838.3472554396	10869.2971722396	10870.5895722403	
7012.21725619236	7460.88285540132	7512.55277220132	8395.31965541184	8438.18957221184	8639.46693861497	8683.61677221497	8690.02157221554	8746.1943722155	11697.5143722496	
6797.72279638211	7013.82303372848	
6652.08477011682	6724.97212739181	
6917.97180421572	7108.53951372748	
6965.71056597999	7762.47389060437	
7069.60030258912	7797.39307780405	
6655.85244146133	6787.94620739115	
7024.96917436593	7721.87802500116	
6682.12414659769	6793.62551619591	
7169.51912214358	7879.64232580321	
6975.35623684405	7810.12570180393	
6825.62603824918	6870.63604144918	6918.62603824918	7575.35829700259	
6972.45661616044	7140.86460739799	
6814.10055999098	6938.89823372927	
6955.91706085816	7855.18152580347	
6693.94152851942	6735.6050873917	
6956.80962865061	7702.10728580136	
6982.54113104588	7163.56390732692	
6993.59401802424	7490.05983692349	
6977.40480217311	7844.63176580358	
7174.01538608207	7790.58610820411	
6938.33173450963	7564.5250522027	
7197.71490802261	7885.12958660322	
6822.53075876214	6884.35967372984	
7031.5847348345	7644.12505860192	
7184.07367522717	7814.21203140389	
7026.57410393707	7819.55347140384	
6905.01586921722	7083.34655372775	
6811.37280973059	6905.03487372962	
7071.8680912538	7735.40999300462	
6997.24257291089	7534.85471692302	
