7078.36187387626	7277.83647546008	
6758.6501052497	6838.04627805739	
6776.88022953542	6805.26531805416	
7147.7590273015	7263.96130745895	
6936.05489270258	7031.78036864888	
6937.05614358653	7106.2083622557	
7184.65189453796	7336.61502020965	
7135.35874109321	7188.10509305847	
6824.71742994869	6927.05812411735	
6930.6557422098	7063.17200065162	
7132.59731091375	7276.08313785995	
6981.31497764058	7255.01771705826	
6762.72048903888	6782.07731805187	
6973.10370817558	7243.90369785738	
6727.91500971067	6784.18643805207	
6686.61572334558	6708.64654356772	
7177.47287175977	7285.89855546087	
7189.12214713164	7327.37116346473	
6988.38864276027	7143.46017532189	
6932.27993663942	7000.29466944599	
7013.30197103836	7314.93119546374	
7085.63799976527	7167.87130745676	
6931.83174925244	6994.82426944545	
6970.41066219915	7087.96914945404	
6785.91900915415	6892.69619806279	
6777.36631183855	6898.36094971706	
6976.5835450246	7243.31516025737	
6756.778541552	6835.26739805712	
6634.08233000594	6723.5101882277	
7071.83549076628	7325.03167546474	
7172.2798223818	7761.44570181449	
6837.56601611135	6895.73512011199	
7161.91879788935	7955.50056581667	
7144.52811509251	7834.90166021531	
7100.19759018201	8530.08276422299	
7163.34618107238	8462.08756422222	
6927.52979359279	7096.93775425488	
6958.43475443122	7266.40570180888	
7118.68327789664	7667.99130181343	
7098.02554278886	8460.97451142221	
7135.93846326119	8528.41876422297	
7195.49275131323	8367.43488902118	
7144.76322693289	8531.226764223	
6958.38455807759	7306.59130180933	
6907.49478660484	7039.96549060633	
7133.7169295819	7697.13210181376	
7114.24100908558	7745.55450181431	
6928.2373830738	7036.45029060629	
7023.88400973281	7766.12570181454	
7115.7908773187	8191.19193861926	
6922.73426190441	7182.37376117268	7225.88367797268	7225.89376117268	7285.88367797268	7285.89376117268	7345.88367797268	7421.3597611754	7465.3496779754	7465.3597611754	7525.3496779754	8688.50287799023	
7157.69175330468	7202.70175650468	7250.69175330468	7250.70175650468	7310.69175330468	7310.70175650468	7370.69175330468	8407.27656118657	8450.46647798657	8450.47656118657	8510.46647798657	8510.47656118657	8570.46647798657	11057.2959532171	
6766.8855297758	7936.72847798171	
6711.89588092686	7420.85736117538	7464.04727797538	7464.05736117538	7524.04727797538	7524.05736117538	7584.04727797538	7584.05736117538	7644.04727797538	7644.05736117538	7704.04727797538	7704.05736117538	7764.04727797538	7764.05736117538	7824.04727797538	7824.05736117538	7884.04727797538	7884.05736117538	7944.04727797538	9718.6644780019	
7174.92213019513	7250.44256117331	7306.75247797331	7306.76256117331	7366.75247797331	7366.76256117331	7426.75247797331	7426.76256117331	7486.75247797331	7486.76256117331	7546.75247797331	7546.76256117331	7606.75247797331	9494.19087799936	
6964.85299379451	7545.24136117679	7588.43127797679	7588.44136117679	7648.43127797679	7648.44136117679	7708.43127797679	7708.44136117679	7768.43127797679	7768.44136117679	7828.43127797679	7828.44136117679	7888.43127797679	7888.44136117679	7948.43127797679	7948.44136117679	8008.43127797679	11022.5586476167	
7053.36579394661	7165.63696117243	7214.26687797244	7214.27696117244	7274.26687797244	7274.27696117244	7334.26687797244	7334.27696117244	7394.26687797244	7394.27696117244	7454.26687797244	7454.27696117244	7514.26687797244	7514.27696117244	7574.26687797244	7574.27696117244	7634.26687797244	7634.27696117244	7694.26687797244	7694.27696117244	7754.26687797244	7754.27696117244	7814.26687797244	7814.27696117244	7874.26687797244	7874.27696117244	7934.26687797244	7991.65736118178	8043.32727798178	8043.33736118178	8103.32727798178	8103.33736118178	8163.32727798178	8163.33736118178	8223.32727798178	8223.33736118178	8283.32727798178	8283.33736118178	8343.32727798178	8343.33736118178	8403.32727798178	8403.33736118178	8463.32727798178	8463.33736118178	8523.32727798178	10623.4020780122	
6997.6627482275	7703.98696117859	7747.17687797859	7747.18696117859	7807.17687797859	7807.18696117859	7867.17687797859	7867.18696117859	7927.17687797859	7927.18696117859	7987.17687797859	7987.18696117859	8047.17687797859	8571.8356779889	
7149.18363302476	7231.23616117334	7265.78607797334	7265.79616117334	7325.78607797334	7325.79616117334	7385.78607797334	7385.79616117334	7445.78607797334	7503.25256117624	7554.92247797624	7554.93256117624	7614.92247797624	7614.93256117624	7674.92247797624	7674.93256117624	7734.92247797624	7734.93256117624	7794.92247797624	7794.93256117624	7854.92247797624	8693.14127799028	
6916.47022973653	7361.70136117471	7404.89127797471	7404.90136117471	7464.89127797471	7464.90136117471	7524.89127797471	8033.74216118232	8078.21207798232	8078.22216118232	8138.21207798232	8138.22216118232	8198.21207798232	8198.22216118232	8258.21207798232	8258.22216118232	8318.21207798232	8318.22216118232	8378.21207798232	8378.22216118232	8438.21207798232	8894.04847799256	
6930.06445959787	10959.426730816	
7098.7421266554	7183.0957611728	7217.4856779728	7217.4957611728	7277.4856779728	7277.4957611728	7337.4856779728	7337.4957611728	7397.4856779728	7502.62496117628	7548.69487797628	7548.70496117628	7608.69487797628	7682.10616117846	7716.17607797846	7716.18616117846	7776.17607797846	10830.5076780145	
6922.63263799358	8068.69416118273	8111.88407798273	8111.89416118273	8171.88407798273	8171.89416118273	8231.88407798273	8231.89416118273	8291.88407798273	8291.89416118273	8351.88407798273	9073.26127799459	
7042.32688803952	7091.9593611716	7142.1892779716	7142.1993611716	7202.1892779716	7202.1993611716	7262.1892779716	11022.2466476167	
7004.48181572762	8015.8308779826	
7187.76149184185	8488.35296118748	8531.86287798748	8531.87296118748	8591.86287798748	8591.87296118748	8651.86287798748	8651.87296118748	8711.86287798748	9261.73007799672	
6904.5524717762	7150.06736117232	7193.57727797232	7193.58736117232	7253.57727797232	7253.58736117232	7313.57727797232	7313.58736117232	7373.57727797232	7373.58736117232	7433.57727797232	7433.58736117232	7493.57727797232	7493.58736117232	7553.57727797232	7553.58736117232	7613.57727797232	7613.58736117232	7673.57727797232	7731.05416117882	7782.72407797883	7782.73416117883	7842.72407797883	7842.73416117883	7902.72407797883	7902.73416117883	7962.72407797883	7962.73416117883	8022.72407797883	8022.73416117883	8082.72407797883	8082.73416117883	8142.72407797883	8142.73416117883	8202.72407797883	8202.73416117883	8262.72407797883	8262.73416117883	8322.72407797883	8322.73416117883	8382.72407797883	8382.73416117883	8442.72407797883	8442.73416117883	8502.72407797883	8502.73416117883	8562.72407797883	8562.73416117883	8622.72407797883	8622.73416117883	8682.72407797883	8682.73416117883	8742.72407797883	8742.73416117883	8802.72407797883	8858.80616119169	8902.79607799169	8902.80616119169	8962.79607799169	8962.80616119169	9022.79607799169	9022.80616119169	9082.79607799169	9082.80616119169	9142.79607799169	9142.80616119169	9202.79607799169	10553.7844780114	
7117.23074545524	10849.6020780147	
7075.48296174028	7144.79176117227	7188.14167797227	7188.15176117227	7248.14167797227	8412.99656118663	8456.18647798663	8456.19656118663	8516.18647798663	8516.19656118663	8576.18647798663	10914.4564780155	
6711.55818531161	7300.19576117402	7343.38567797402	7343.39576117402	7403.38567797402	7459.42376117583	7503.41367797583	7503.42376117583	7563.41367797583	10205.0724780074	
7198.76105899824	7296.04216117389	7347.7120779739	7347.7221611739	7407.7120779739	7407.7221611739	7467.7120779739	7467.7221611739	7527.7120779739	7527.7221611739	7587.7120779739	7587.7221611739	7647.7120779739	10581.4068780117	
6946.09638714695	7743.90416117905	7786.77407797905	7786.78416117905	7846.77407797905	7961.68456118144	8013.35447798144	8782.9972779913	
7146.36674633882	7623.0813611776	7674.7512779776	7674.7613611776	7734.7512779776	7734.7613611776	7794.7512779776	9996.84367800505	
6619.0701739668	6881.16047796975	
7173.02803705238	7222.80936117308	7273.19927797308	9776.96687800256	
6930.84596941392	10640.3956780123	
6993.45144624691	7852.01007798075	
7101.58539857684	8090.40936118297	8133.59927798297	8133.60936118297	8193.59927798297	8193.60936118297	8253.59927798297	8253.60936118297	8313.59927798297	8375.96896118632	8409.87887798632	8409.88896118632	8469.87887798632	8469.88896118632	8529.87887798632	8529.88896118632	8589.87887798632	8647.33576118921	8699.00567798921	8761.29136119058	8805.12127799058	8805.13136119058	8865.12127799058	8865.13136119058	8925.12127799058	9567.30287800019	
6976.67019128155	8581.87176118854	8625.06167798854	8626.33167798952	
7168.60890929325	7480.45136117606	7523.32127797606	7523.33136117606	7583.32127797606	7640.8029611778	7692.4728779778	7692.4829611778	7752.4728779778	7752.4829611778	7812.4728779778	7812.4829611778	7872.4728779778	7872.4829611778	7932.4728779778	7932.4829611778	7992.4728779778	7992.4829611778	8052.4728779778	8109.92616118312	8161.59607798312	8161.60616118312	8221.59607798312	8221.60616118312	8281.59607798312	11103.8892588176	
7138.93467565357	7246.53416117342	7290.52407797342	7290.53416117342	7350.52407797342	7350.53416117342	7410.52407797342	7410.53416117342	7470.52407797342	7470.53416117342	7530.52407797342	7530.53416117342	7590.52407797342	7647.99976117788	7699.66967797788	7699.67976117788	7759.66967797788	7759.67976117788	7819.66967797788	7819.67976117788	7879.66967797788	7937.09896118116	7988.76887798116	7988.77896118116	8048.76887798116	8048.77896118116	8108.76887798116	8108.77896118116	8168.76887798116	8168.77896118116	8228.76887798116	8228.77896118116	8288.76887798116	8288.77896118116	8348.76887798116	8348.77896118116	8408.76887798116	8408.77896118116	8468.76887798116	8468.77896118116	8528.76887798116	8528.77896118116	8588.76887798116	11061.3740588171	
7173.83199800834	10286.1716780083	
6926.25306501085	7422.48176117541	7465.35167797541	7465.36176117541	7525.35167797541	7525.36176117541	7585.35167797541	7585.36176117541	7645.35167797541	7962.770077982	
7038.60588245562	7214.07176117303	7258.54167797303	7258.55176117303	7318.54167797303	7633.10056117779	7676.29047797779	7676.30056117779	7736.29047797779	7736.30056117779	7796.29047797779	7796.30056117779	7856.29047797779	7913.7197611809	7965.3896779809	9408.07887799838	
7131.88880562042	8697.90056118978	8749.57047798978	8749.58056118978	8809.57047798978	8809.58056118978	8869.57047798978	8869.58056118978	8929.57047798978	8929.58056118978	8989.57047798978	10913.1044780154	
6769.69724342376	9584.31727800038	
6798.16114656098	7733.84527797941	
7128.71736198864	7189.20496117269	7240.07487797269	7240.08496117269	7300.07487797269	7300.08496117269	7360.07487797269	7360.08496117269	7420.07487797269	7420.08496117269	7480.07487797269	7480.08496117269	7540.07487797269	7540.08496117269	7600.07487797269	7600.08496117269	7660.07487797269	7660.08496117269	7720.07487797269	7720.08496117269	7780.07487797269	7780.08496117269	7840.07487797269	7840.08496117269	7900.07487797269	7957.50376118139	8009.17367798139	8009.18376118139	8069.17367798139	8069.18376118139	8129.17367798139	8129.18376118139	8189.17367798139	8189.18376118139	8249.17367798139	8249.18376118139	8309.17367798139	8309.18376118139	8369.17367798139	8369.18376118139	8429.17367798139	8429.18376118139	8489.17367798139	8489.18376118139	8549.17367798139	8549.18376118139	8609.17367798139	8609.18376118139	8669.17367798139	8669.18376118139	8729.17367798139	8729.18376118139	8789.17367798139	8789.18376118139	8849.17367798139	8849.18376118139	8909.17367798139	8909.18376118139	8969.17367798139	8969.18376118139	9029.17367798139	9029.18376118139	9089.17367798139	9089.18376118139	9149.17367798139	9149.18376118139	9209.17367798139	9209.18376118139	9269.17367798139	9269.18376118139	9329.17367798139	9329.18376118139	9389.17367798139	11139.519658818	
7114.24817932508	7845.8221611802	7889.0120779802	7889.0221611802	7949.0120779802	7949.0221611802	8009.0120779802	10777.2596780139	
7136.70976437769	7191.52256117272	7242.71247797272	7271.93260825751	7302.40252505751	7302.41260825751	7362.40252505751	7362.41260825751	7422.40252505751	10157.9604780069	
7159.97954878311	10714.2980780132	
6695.29470364653	7568.51656117706	7611.70647797706	7611.71656117706	7671.70647797706	7671.71656117706	7731.70647797706	7731.71656117706	7791.70647797706	7849.15656118016	7900.82647798016	7900.83656118016	7960.82647798016	7960.83656118016	8020.82647798016	10125.4708780065	
6630.68377850968	6767.88047796847	
6756.36149505012	7663.13576117813	7706.32567797813	8096.98216118305	8140.17207798305	8140.18216118305	8200.17207798305	8200.18216118305	8260.17207798305	8317.63496118547	8369.30487798547	8426.77256118671	8478.44247798671	8478.45256118671	8538.44247798671	8538.45256118671	8598.44247798671	8598.45256118671	8658.44247798671	8658.45256118671	8718.44247798671	9492.31887799934	
6943.85295691302	7791.44047798006	
7056.90489086589	9293.26287799708	
7018.02222806784	7084.81416117169	7119.52407797169	10977.1704364162	
7055.30505310616	7238.75155772093	7279.04275772088	7279.05284092088	7339.04275772088	7693.32804092571	7736.19795772572	9263.00755774387	
6656.56440167849	7803.86675772733	7844.19955772729	7844.20964092729	7904.19955772729	8185.94084093131	8245.93075773131	8280.74604093243	8311.69595773243	8318.06355773316	8374.23635773311	8533.33604093523	8576.20595773523	10528.1259577582	
6651.32976285648	7244.59044092062	7288.10035772062	7294.51635772156	7350.64755772152	7636.41844092496	7679.28835772496	7680.59532412593	7740.58515772594	7747.02035772669	7803.17235772664	7920.78355772866	7961.15795772861	8136.56164093075	8196.55155773075	8196.56164093075	8256.55155773075	9755.09395774944	
7183.33545756427	7243.42884092047	7303.41875772047	7418.37204092249	7461.24195772249	7530.05284092404	7563.96275772404	7563.97284092404	7623.96275772404	8504.07795773527	
7079.28714822036	7229.44644092058	7272.95635772058	7272.96644092058	7332.95635772058	9058.61612414155	9102.76595774155	9109.10835774212	9165.34355774208	11066.4091577643	
7188.63584496683	8159.85875773137	
6669.89866079026	7209.27684092011	7253.42675772011	7526.70675772419	7567.03955772415	7567.04964092415	7627.03955772415	8472.20644093447	8516.03635773447	9163.85395774274	
6664.95807585761	7891.66355772833	7931.97555772828	8800.68595773863	
7067.00151598709	7285.50764092115	7316.45755772115	7316.46764092115	7376.45755772115	7376.46764092115	7436.45755772115	7436.46764092115	7496.45755772115	7717.40115772635	7757.09395772631	7790.61484092687	7821.56475772687	11568.08435777	
6828.57959551553	8162.18004093092	8205.04995773092	8211.38035773195	8267.63635773191	11329.0507577673	
7114.77178780727	8062.46252413026	8106.61235773026	8113.03795773084	8169.18995773079	11566.89875777	
7114.34787789341	8348.07204093313	8391.58195773313	8910.48164093951	8953.35155773951	9104.00172414207	9155.67155774207	11560.2427577699	
6632.85845371409	7132.26004091935	7175.76995771935	7272.56564092081	7319.59555772081	7320.88012412186	7380.86995772186	7387.28435772261	7443.45715772257	8432.9344409341	8475.80435773409	9163.56275774274	
6925.54129986036	7167.60004091976	7210.46995771976	7216.89075772068	7273.04275772064	7566.34564092427	7609.85555772427	7904.55955772847	7944.89235772843	7944.90244092843	8004.89235772843	8754.88435773811	
7001.3578395099	7155.66915771999	7196.06435771995	7394.60324092221	7451.87315772221	7451.88324092221	7511.87315772221	8021.2475577298	8062.17875772975	8789.80004093826	8833.30995773826	8833.32004093826	8893.30995773826	8925.36115774004	
7017.09874600735	7352.1300409219	7383.0799577219	7882.52484092786	7925.39475772786	7931.66195772878	7987.83475772874	8465.75684093447	8508.62675773447	9445.44435774594	
7199.68222330456	11677.8586329712	
7062.91788030976	8142.44915773117	
7039.44548288343	8924.89764093967	8968.40755773967	8974.7819577406	9030.99635774056	10175.4411577542	
7025.88709214776	7408.88964092249	7452.39955772249	7690.29875772605	7730.589957726	7730.600040926	7790.589957726	8204.22515773187	8244.53715773182	8244.54724093182	8304.53715773182	8523.40115773548	
6835.44011440917	7769.25124092648	7811.48115772648	7811.49124092648	7871.48115772648	7877.89395772817	7934.06675772813	10008.0219577523	
6919.96755652694	8375.70035773381	
7084.57391713306	8119.14724093054	8162.65715773054	8169.09395773147	8225.24595773143	8413.715240934	8457.225157734	8457.235240934	8517.225157734	8517.235240934	8577.225157734	9228.00115774347	
6640.34547535596	7014.8555577184	
6931.6349829624	7618.84484092506	7649.79475772506	8394.10604093371	8425.05595773371	8764.45235773822	8795.00435773817	8895.84244093944	8926.79235773944	9756.94515774947	
7088.61846666245	7304.04044092136	7334.99035772136	7341.39955772209	7397.55155772205	7454.85444092316	7493.24435772316	7493.25444092316	7553.24435772316	7845.18884092744	7888.05875772744	7889.3441241283	7949.3339577283	7955.76915772905	8011.92115772901	9969.31315775187	
7014.42482195437	7869.0912409277	7913.2411577277	7913.2512409277	7973.2411577277	7977.0784409293	8035.82035772928	11665.2330329711	
7082.30424832476	7372.53124092207	7416.04115772207	7560.58995772458	7599.66355772453	8264.78884093218	8308.29875773218	8544.36164093535	8587.87155773535	11633.6789273707	
6911.85747810157	7449.51044092295	7492.38035772295	11543.5403577697	
7054.65220812813	7203.32724092009	7247.47715772009	8606.61284093621	8645.00275773621	8645.01284093621	8705.00275773621	11328.0523577673	
7055.54951659872	9397.7915577454	
7159.31993411617	7839.35044092738	7899.34035772738	8557.40804093543	8609.07795773543	8615.39955773653	8671.61395773648	11674.6554329712	
7192.03613924283	7222.35684092049	7252.58675772049	9185.24964094274	9228.75955774274	9235.09395774355	9291.30835774351	9677.21644094826	9708.16635774825	9714.55475774899	9770.74835774894	10974.5147577633	
7166.36212796877	7741.2944409263	7798.2443577263	7804.65715772734	7860.7883577273	9066.35684094127	9109.22675774127	9253.33444094337	9298.76435774337	9298.77444094337	9358.76435774337	11695.9546329714	
6904.80796004139	10831.4523577616	
7136.37108031311	8291.01292413285	8321.96275773285	8321.97284093285	8381.96275773285	8381.97284093285	8441.96275773285	8448.41715773464	8504.54835773459	9092.5456409415	9136.3755577415	11187.1739577657	
6925.89222550142	8440.05324093423	8471.00315773423	10707.0267577602	
7057.13902443504	10967.9835577632	
7023.90662004294	8114.74355773086	8167.87635773081	8167.88644093081	8227.87635773081	8227.88644093081	8287.87635773081	8555.73924093548	8599.24915773548	8605.68595773642	8661.83795773637	9487.72484094604	9531.23475774604	9817.22355775015	
7193.56421792914	8282.05284093238	8325.56275773238	8855.96484093889	8898.83475773889	8905.18515773981	8961.35795773977	11640.1791801708	
6903.36528368927	7629.14084092498	7672.65075772498	8068.95684092997	8112.46675772997	11449.6283577686	
7157.74358784589	7484.04595772371	7523.37715772366	11673.0122329711	
6838.98521530407	7783.14644092683	7814.09635772683	8680.81555773727	8720.14675773723	9243.44804094328	9286.31795774328	11168.0587577655	
7126.96307622361	8705.93132413755	8750.08115773755	8750.09124093755	8810.08115773755	10742.3243577606	
7033.93583341469	7723.11524092605	7766.62515772605	9524.04644094647	9584.03635774647	9584.04644094647	9644.03635774647	11692.3770329714	
6835.73832062148	8303.52435773299	
7190.41101890422	8245.59635773234	8287.16755773229	10780.9291577611	
7077.07932532289	7620.73764092489	7664.24755772489	7670.64275772582	7726.83635772578	8526.98324093504	8571.13315773504	8651.54995773694	8695.10355773689	11629.9866745707	
7063.36796365301	7257.42995772114	7296.4411577211	7462.38724092309	7505.89715772309	7535.58604092398	7566.53595772398	7572.90355772472	7629.11801465061	7712.44164092581	7761.71155772581	7768.15315772693	7824.28435772688	7887.50244092793	7947.49235772793	8135.18404093072	8178.69395773072	8185.10995773165	8241.28275773161	8515.18515773539	8555.47635773535	8555.48644093535	8615.47635773535	11088.4571577646	
7022.50582158836	8023.41075772982	
7066.33815628257	7424.41673945212	
6970.47958750779	7015.48959070779	7063.47958750779	7618.03221145013	
7072.17775551935	7786.87358517917	
7070.8699154896	7616.14357145015	
6642.8206963426	6812.87233062674	
7004.9076303409	7049.9176335409	7097.9076303409	7616.41813145014	
6968.81072179117	7013.82072499117	7061.81072179117	7061.82072499117	7121.81072179117	7122.45845785529	7182.44837465529	7755.93317237946	
6630.190945004	6812.93889062674	
6994.12259044351	7039.13259364351	7087.12259044351	7623.21678105008	
7117.07580479819	7845.52806517864	
7025.56421262893	7553.44329945076	
7171.77022667536	7798.14839477906	
6913.58255065747	7139.69613465511	
7077.69514293204	7823.62907317882	
6919.2996512975	7151.76937945499	
6704.77808964105	6832.57441062653	
6822.08596252858	6952.64877465708	
6627.02540902864	6647.46177062848	
6965.01755025102	7010.02755345102	7058.01755025102	7058.02755345102	7118.01755025102	7118.67253785533	7178.66245465533	7743.22611317951	
7095.54510555858	7838.19739317867	
7154.88491466242	7587.72714265043	
6661.51166529957	6854.9468906263	
7087.2324193745	7841.48379317863	
7128.01068769395	7417.78569945219	
7003.11523160684	7048.12523480684	7096.11523160684	7096.12523480684	7156.11523160684	7156.12523480684	7216.11523160684	7216.6929826543	7276.6828994543	7656.60024984975	
6935.07625248273	7108.59469465544	
6996.85466966502	7041.86467286502	7089.85466966502	7833.62971317871	
7041.27393398067	7491.80873945141	
6953.46515798407	7175.70665945474	
7143.09647765424	7729.56104344908	
